2.0853850963475455,2.2997138941287996
1.5168365782788953,1.7777561402320863
1.2663386108930155,1.2533915346860887
1.042746433973922,1.303370395898819
0.8609928740259937,2.4104596936702727
0.7368369722152914,1.1104207932949066
0.6493359512227881,1.3339476391673089
0.5807848831881648,1.2055979970097541
0.5290940634125029,0.5297082856297493
0.4835511348436556,0.5552571272850036
0.4430259726084102,0.5266547954082489
0.4066972630408109,0.5567561781406403
0.3676497494168294,0.5062800607085228
0.34458933229489097,0.4081861175596714
0.31171623318244124,0.45706638038158415
0.28736938139819124,0.4286373519897461
0.2590013525789351,0.398537854552269
0.23769979150322698,0.40535642579197884
0.21606319845484956,0.40441160038113594
0.1979013976386136,0.37034636408090593
0.17343895030600945,0.3643563714623451
0.15435501106102448,0.3619727724790573
0.13099630291352188,0.3630447533726692
0.12138308437012346,0.3575404568016529
0.11039831068204797,0.3560499180853367
0.09537931854176857,0.348321146517992
0.08665948760364671,0.3468569243699312
0.08298025757569791,0.35028653994202613
0.0799060760118315,0.3521431702375412
0.07934038632589838,0.3468019515275955
0.3758421610955082,0.5359018692374229
0.3216773550147596,0.5121132732927799
0.30427318437934836,0.39320049434900284
0.284124480488965,0.3936540196835995
0.2620018862969125,0.48091241270303725
0.24971075828575418,0.45924179315567015
0.24094531233505825,0.45100827544927596
0.2263184629971414,0.37280850499868395
0.21465434494149654,0.4002736370265484
0.20290932832928874,0.40820404812693595
0.19129121936190768,0.4120971840620041
0.1829160337557878,0.3733995381742716
0.17240772261034193,0.36258424997329713
0.1629172773922191,0.3853802902251482
0.1580768690427856,0.43517118334770205
0.14792862404947696,0.37216564804315566
0.13710766220870224,0.40624661356210706
0.13670707164365617,0.38112852960824967
0.12358342835684415,0.4489077165722847
0.11661803809082721,0.39757915422320367
0.11117008091200647,0.4218156456947327
0.10570955344135194,0.33873726196587084
0.09634363299230937,0.3962457890808582
0.08932383455183653,0.36982759565114975
0.08362337906399499,0.43220408707857133
0.07887374190494532,0.34773342818021774
0.06724137684468494,0.4070975786447525
0.06360797836061786,0.3870830875635147
0.05690062454546733,0.3554338985681534
0.05343750188284365,0.3571586520969868
0.045136266104553055,0.3537521028518677
0.04228049545617931,0.3451218891516328
0.038128083121612706,0.38076315373182296
0.03163781053984485,0.3601663053780794
0.028151177454030004,0.3266278003156185
0.023313126833144758,0.33339779421687127
0.019845324742924567,0.34015253506600857
0.01586204441919294,0.3430708646774292
0.015634061220516464,0.339798925742507
0.01252304884287126,0.3351276880502701
0.011155429269994617,0.3297058816254139
0.01013768342165205,0.3322318997234106
0.00893522074009599,0.32331663332879546
0.00704921857493184,0.3250691495090723
0.006413329326722752,0.33185341745615005
0.006188050807897916,0.32567038185894487
0.004946458407619949,0.31545203395187854
0.00465102770688522,0.3157155019044876
0.004427254528609341,0.32003902703523635
0.004019349766865401,0.3168811646103859
0.0037347132360468598,0.3155914352834225
0.0040004664559073295,0.3155589356273413
0.003365854767378648,0.3150895194709301
0.0036365665408902947,0.3168208982050419
0.003493288475180478,0.31591072745621207
0.0033183298311898926,0.31464555017650125
0.0032140687905231734,0.3175716520100832
0.0034247311912185235,0.31402885030955074
0.003238228467770059,0.3159760545194149
0.003070291872728792,0.31389345578849315
0.2071765296207622,0.4632066658139229
0.16883606059700632,0.45640627160668373
0.16277927257444547,0.4638061074912548
0.15248360201868866,0.38434808880090715
0.1465373117181346,0.4842784653604031
0.14310231238908475,0.402476946413517
0.12795213769997477,0.3835398696362972
0.12232889659950495,0.38530030131340026
0.12162606299990583,0.5319498644769192
0.12102112995312951,0.43660311758518217
0.11286863138722947,0.37310890197753904
0.10168213948912327,0.38838678821921346
0.10829667856111704,0.3867048293352127
0.1001286532329705,0.334985730946064
0.1007768908739471,0.35892674535512925
0.0993681472376027,0.3853867441415787
0.09461940259046261,0.3599363721162081
0.09208116336913823,0.3395801478624344
0.09240772381729787,0.3582910718023777
0.09007808157835928,0.3728380974382162
0.08670104264050646,0.35416308835148813
0.08347448534653772,0.3672205533087254
0.08232296746262276,0.3509087134897709
0.08768035709629278,0.3942183956503868
0.0797578587299189,0.3706598326563835
0.07827562638236892,0.3844686071574688
0.07643170378235219,0.3937728129327297
0.06713401364243549,0.34878766514360904
0.06454557470996361,0.3257142796367407
0.06637465935724471,0.3395461478829384
0.06317454969862957,0.3581076952815056
0.060257881022322816,0.3288884899020195
0.06586277835509356,0.32508751809597014
0.06376177510318091,0.3795090498030186
0.05659171730718192,0.35305440753698347
0.05734306465253196,0.33766313537955284
0.0551894248946739,0.3673548087477684
0.06098879572918729,0.3548213067650795
0.0552145709281268,0.33071438983082774
0.04754450078219976,0.3977134158462286
0.04857611038562511,0.3390390917658806
0.05054845581607669,0.37127808593213557
0.04915228469030517,0.32057866245508193
0.04566626115332898,0.35424389705061915
0.04801382932125989,0.31845996513962743
0.04231514814107314,0.3112426596134901
0.0470758927319094,0.3163115003705025
0.037501688438046084,0.3357604410499334
0.03607563842254717,0.30865737482905387
0.03931203081875163,0.37144823379814623
0.03800713118103802,0.3093939904123545
0.03452892532593587,0.3393566984683275
0.03380266526687766,0.3294966481626034
0.03418562620821054,0.32020169258117676
0.030963050465926033,0.30493227191269395
0.023608457961041107,0.2994475335627794
0.027945522289208668,0.31581237729638817
0.021591713221486456,0.3067379519343376
0.027235105671250568,0.3451627915352583
0.024132813887356226,0.3048193223029375
0.022084028658378496,0.3076946563273668
0.021115140873007476,0.30406312756240367
0.01858458879684834,0.32142680801451207
0.01927680536197103,0.31350533571094275
0.018372261317927973,0.2995180432125926
0.015138680996049357,0.3202870163321495
0.014620262670957142,0.30524716675281527
0.013552627511932265,0.279328252337873
0.01061151201537241,0.29661937911063435
0.012199301126739368,0.2782778210937977
0.01022549913219555,0.28673101829364894
0.007888450303509155,0.31058521967381236
0.0075255908185730466,0.2939650702662766
0.00655625228007274,0.2785842303931713
0.005482794702513967,0.28369963381439445
0.004354943248444497,0.2857561793550849
0.003869492066827605,0.2788684734329581
0.0032208013439686766,0.2784550810232759
0.0034648017306357164,0.28111349139362574
0.002723087504556131,0.2762861617654562
0.0031041643996734905,0.27163420133292676
0.0023046595914869347,0.2741713368333876
0.002450561878355363,0.27880397960543635
0.002533765492902454,0.27343098632991314
0.0024717182548933416,0.2715249302610755
0.001997962881200006,0.2681934626027942
0.002145952775927327,0.2740055042691529
0.0019444694613491226,0.27294498478993773
0.0020215839754654298,0.2790289981290698
0.001816684035021607,0.26942890530452135
0.0018846185500834786,0.2714620521105826
0.0016316386724106462,0.27086820028722286
0.0015223054488486066,0.2712986156158149
0.0014824132336621575,0.2693523828871548
0.0015178713745073132,0.2654886213131249
0.0014932033017246752,0.2673321470245719
0.0015761767436787153,0.2643050746433437
0.0014053154942196082,0.26794487142935397
0.0012810533199949985,0.2657497117482126
0.0013669225484188741,0.26430911414325237
0.0013847100104668589,0.26380877532064917
0.0012826083564137579,0.26366049094125626
0.0013921051839952503,0.2643800844997168
0.0013274384806613864,0.2657554934732616
0.0012484049152694833,0.26401161558926106
0.001164263308681238,0.2634299576468766
0.0012380304411226345,0.26167408522218466
0.001287848155191073,0.26336316296830775
0.0013683625296546655,0.26151939742267133
0.001190502045895247,0.2618616927228868
