2.2464393073198745,2.0403114318847657
1.843548701733959,1.6911354064941406
1.615567653763051,1.508888396024704
1.399858636515481,1.3766142404079438
1.2064059866326196,1.1150156551599502
1.0171855964830943,1.305451208949089
0.8712453945558898,0.9612254047393799
0.7671023141972872,1.0666035735607147
0.6649768501520157,0.7250111463665962
0.5922269302667403,0.7414537620544434
0.522156300441343,0.7596900242567063
0.4839568255203111,0.7513608422875404
0.45592893629657977,0.81837027490139
0.4279332939459353,1.8578798097372056
0.41335659869471375,1.6677317556738853
0.3999393369470324,0.5061510586738587
0.3859900185952381,0.6272981095314026
0.36478341477257864,0.49871630579233167
0.3589227391901065,0.7140681451559067
0.3518663489696931,0.5749256789684296
0.3357678543092037,0.5265215376019478
0.331307369455391,0.4980648759007454
0.3205097465186703,0.528293206691742
0.31588394681409915,0.6970515012741089
0.3109787767943071,0.4755847841501236
0.30112834282371465,0.4737678043544292
0.29819827222702455,0.5996324023604394
0.2910151464902625,0.6235592526197433
0.28797292808184816,0.6420803678035736
0.27842303357866344,0.47196721196174624
0.2797346681508483,0.529382304251194
0.27865266875953093,0.466674058586359
0.2689478741008408,0.40696165889501573
0.26486944589687855,0.7575407293438912
0.26284218001730586,0.5534800776839256
0.2550266320456047,0.499009620398283
0.25494398807688634,0.4412277127802372
0.2569216993086192,0.4817930816113949
0.24488961278479926,0.4096967409551144
0.24241493634727537,0.5527849374711513
0.24144472333849692,0.41684435099363326
0.2358434199526602,0.5889601068198681
0.23616180880641452,0.5857173466682434
0.2301950997539929,0.46552429676055906
0.22458218908583633,0.45583493784070017
0.2258855341648569,0.4550028617680073
0.22433301509947193,0.7314083895087242
0.22165505443604624,0.4520761057734489
0.21820305546327512,0.465421477407217
0.21151559617446394,0.32749664783477783
0.2176062912129018,0.42102239206433295
0.20610445045999118,0.4997205612063408
0.20171384258689928,0.3728975458443165
0.2067296065162031,0.5157418209314346
0.2052424412828927,0.37958617359399793
0.20192800610497288,0.5309483572840691
0.19481792677269907,0.43310085505247115
0.19973246156409077,0.6620982256531716
0.19160563639384143,0.4171509172022343
0.19029383144664522,0.43258503124117853
0.1813048900162079,0.40067846223711967
0.18397841233836146,0.5199529998004436
0.18742777023236362,0.5383410975337029
0.18186561953352423,0.37552922874689104
0.17639805106636214,0.47128328010439874
0.1771663134271393,0.8157587504386902
0.1844956537670627,0.39614221900701524
0.16616071224668805,0.4310028125345707
0.1652947626247698,0.3789392644166946
0.16506583680759887,0.5599184739589691
0.1605461631730503,0.5787389475107193
0.1629463650134145,0.3867069102823734
0.16018081650289953,0.46068756029009816
0.15853765329384073,0.5250238147377968
0.16770465413526614,0.4085298267006874
0.1548780091867155,0.4157374657690525
0.15587268486542968,0.4939734131097794
0.15637135699543417,0.371028932929039
0.1463611879367001,0.4653980016708374
0.14653866844517843,0.41218026384711265
0.14287331008485385,0.3614443926513195
0.14138250562305354,0.3638888663053513
0.1366422433330088,0.34573989376425746
0.14013324121051296,0.4233442164957523
0.1359258906497639,0.3791777332127094
0.131442753598094,0.5093105378746986
0.13440220495115737,0.3969048897922039
0.12360299943129019,0.4576901672780514
0.12281818663207245,0.345107494443655
0.12445090876474064,0.35975698739290235
0.1246214506729525,0.4514810147881508
0.12026387405562766,0.37465195283293723
0.1186020542126225,0.4995253755152225
0.11504762363144938,0.3737222447991371
0.1128443028036581,0.3480920447409153
0.11093545758298465,0.3793995094299316
0.10977110260983511,0.467145733833313
0.10563710575201074,0.4066121442615986
0.10569755297762398,0.48795579478144646
0.10348215225931941,0.3360549312829971
0.10590566536981841,0.3416559025645256
0.09885871651753479,0.3875410512089729
0.09915681827661334,0.3895348911732435
0.09326103470307223,0.41413180276751516
0.09650960171177071,0.4442255201935768
0.08933779711321908,0.33560589045286177
0.09003335083549728,0.3320016882568598
0.09292016351329428,0.33871781259775163
0.0880517893641883,0.3927519245445728
0.08492163049855403,0.42360857293009757
0.08131493101542701,0.30871369257569314
0.07931023911211868,0.3197772890329361
0.07933347317751269,0.3529405984282494
0.07430117452821257,0.40093590766191484
0.07211281942697811,0.38824205592274663
0.07834149585390578,0.4409585803747177
0.07296152261789052,0.39215370431542396
0.0699358028549777,0.3288981767743826
0.05859221356958911,0.3963565611839294
0.0653952544231956,0.3762448225915432
0.06850316348884787,0.36553750053048134
0.06350174790476354,0.3724058513343334
0.054597715091682514,0.31348666429519656
0.05517908960713872,0.305633544549346
0.05354641974732584,0.3792006645351648
0.05250579323999736,0.3410138277709484
0.05126991045509218,0.35308316722512245
0.054473719550106596,0.33071569122374056
0.0447585468028425,0.38463239356875417
0.04355254761485041,0.34770768746733666
0.041901601369169594,0.31926746651530263
0.0379450897477111,0.2919994779676199
0.03774875063183052,0.2975822723656893
0.0345837337330782,0.3586861577630043
0.04158331084359741,0.3827731819450855
0.037663861375054994,0.34618561290204525
0.030138535760057976,0.28408824268728494
0.028647649653103888,0.3003127519786358
0.03108216522080938,0.3377710823714733
0.0326409620489469,0.268662728369236
0.021530441121359795,0.29229676140472294
0.021076055899338454,0.2884757014364004
0.020552425818726877,0.29777375385165217
0.022295866211477135,0.3173903352022171
0.020759272623132458,0.29800906918942927
0.01583114228026029,0.2852351910620928
0.015873274415474842,0.28884029045701026
0.013926963813065988,0.2610868514329195
0.01338584449056688,0.3336369508504868
0.012324809708527992,0.2733120197802782
0.00990396544304011,0.28409061037003996
0.010005074234237438,0.2649086898565292
0.008661193075252469,0.26738173577934504
0.0055487575356929315,0.2632342766970396
0.006102603453042803,0.25343200787901876
0.005293425378670003,0.245762570053339
0.0038741084039318184,0.2758303862810135
0.004276038264815353,0.2558361088484526
0.003060205810173529,0.26455932974815366
0.0026146199903747886,0.2338999630510807
0.0021798058142125302,0.2309295054525137
0.0018690471731634736,0.2399416431039572
0.002027585076575633,0.25076740141958
0.0019706433164656677,0.23422951355576516
0.0017278123378506576,0.23334224551916122
0.0012666435005875038,0.22871458787471055
0.0014743518420763562,0.23738314405083658
0.0013424297964719494,0.22301062677055597
0.0013172759304603571,0.2288647173345089
0.0011005200236579593,0.22235003871843217
0.0008166599663108711,0.2203267401456833
0.0008388300695366283,0.21973715513944625
0.0008676575128688733,0.23017993457615377
0.001009490613425293,0.22510870084166526
0.0008354723104275763,0.21379667991772294
0.0008254101766749732,0.2136229694262147
0.0008720040755086265,0.20920954532921315
0.0007337613389274933,0.2127503054589033
0.0008319970336891188,0.21365349665284156
0.0007366723632226147,0.21632173638790847
0.0007568647624979423,0.21311293074861168
0.0007845171359284515,0.21492728002369405
0.0006908330173506069,0.21344890929758548
0.0007608967378993319,0.21295817263424396
0.000767826170087982,0.2117011277936399
0.0007096868676872334,0.21273621316999197
0.0006970154316484101,0.2114462679810822
0.0007417497404925857,0.2127127098105848
0.0006885154356755915,0.2095648143067956
0.0007926137990654418,0.2122002726048231
0.0006811264589784088,0.209464820176363
0.000728152985880579,0.21193182431161403
0.0006826330945656008,0.20905674014240502
0.0007086055670604728,0.21094948638230562
0.0007780137433544543,0.20933181611821056
0.0006593975025568899,0.212458832077682
0.0006791937937253221,0.21176569037139414
0.0006804838397941666,0.21136570461094378
0.0007324072402279482,0.21098865292966365
0.0007225096695557502,0.2087830712646246
